species	Order	sp	sample_no	Depth	Delta15N	Delta13C	ratio.C.N	Z.dens	C.dens	chla	chlb	chlc	chlca	Host.prot.cont	Tot.Lip.cont	In.cont	Sk.dens
Actinaria_spp	Actinaria	An	AN001	5	3.284	-15.86110508	9.468435796	193235294.1	17470588.24	93.75294118	0	33.27058824	0.354875141	194814.7967	0.514705882	0.117647059	0
Actinaria_spp	Actinaria	An	AN002	5	4.328	-15.9269565	7.473572865	129352941.2	49588235.29	120.9205882	0	36.80588235	0.30438061	207181.8257	0.955882353	0.044117647	0
Actinaria_spp	Actinaria	An	AN003	5.2	4.035	-13.43963113	6.534174099	1064842105	90947368.42	421.6236842	0	176.6657895	0.419012964	371215.8648	1.342105263	0.526315789	0
Actinaria_spp	Actinaria	An	AN004	5.6	3.779	-14.40436571	6.687049117	79862068.97	31655172.41	72.35517241	0.86637931	31.35	0.433279321	177515.1087	0.370689655	0.043103448	0
Actinaria_spp	Actinaria	An	AN005	12	4.849	-14.19260106	7.344392599	483333333.3	372777777.8	109.4680556	0	39.91805556	0.364654833	248061.2411	0.638888889	0.069444444	0
Actinaria_spp	Actinaria	An	AN006	12.2	4.872	-15.24232654	10.62240545	567741935.5	1.6e+08	199.0516129	0	63.14193548	0.317213885	425192.5186	1.935483871	0.032258065	0
Actinaria_spp	Actinaria	An	AN007	11.2	4.516	-15.28633415	9.131038955	338518518.5	66666666.67	188.0462963	0	65.83888889	0.350120636	347018.3396	0.944444444	0.037037037	0
Actinaria_spp	Actinaria	An	AN008	7.3	4.015	-14.5697089	6.570799036	446470588.2	60588235.29	211.1764706	0	74.17352941	0.351239554	205926.4779	0.441176471	0.044117647	0
Actinaria_spp	Actinaria	An	AN009	6.4	3.388	-14.36685978	9.336505053	368135593.2	80677966.1	158.8881356	0	49.48135593	0.311422598	287212.0309	0	0.033898305	0
Actinaria_spp	Actinaria	An	AN010	10	4.117	-14.76101546	5.884583551	504225352.1	322816901.4	115.5943662	0	34.18028169	0.295691588	194747.2244	0	0.084507042	0
Litophyton_sp	Alcyonacea	Lt	LT001	11.8	6.607	-21.39260369	7.533260543	157013333.3	1493333.333	212.344	0	61.32266667	0.28878926	65306.30951	0.64	1.493333333	0
Litophyton_sp	Alcyonacea	Lt	LT003	13	6.074	-21.47765981	7.396226536	35225806.45	473118.2796	149.3634409	0	39.13333333	0.262000749	42266.81209	0.548387097	0.989247312	0
Litophyton_sp	Alcyonacea	Lt	LT004	14	6.394	-22.21998492	7.069117193	97424657.53	273972.6027	121.7342466	0	33.14794521	0.272297617	38220.9714	0.520547945	0.97260274	0
Litophyton_sp	Alcyonacea	Lt	LT005	14.1	6.96	-22.48425854	7.160785444	51582089.55	776119.403	86.58656716	0.191044776	21.50895522	0.248409839	49898.30959	0.626865672	0.880597015	0
Litophyton_sp	Alcyonacea	Lt	LT006	10	6.21	-21.35345931	6.702647362	42338461.54	2276923.077	114.0138462	0	30.15538462	0.264488794	42384.74502	1.230769231	0.969230769	0
Litophyton_sp	Alcyonacea	Lt	LT007	10	5.944	-21.02915142	7.054189563	82349206.35	18285714.29	117.6333333	0	31.11269841	0.264488794	48901.43466	1.063492063	1	0
Litophyton_sp	Alcyonacea	Lt	LT008	10	6.388	-21.2566253	7.597687719	47352941.18	4176470.588	130.9867647	12.16617647	53.875	0.411301097	53331.24178	0.632352941	0.955882353	0
Litophyton_sp	Alcyonacea	Lt	LT009	10	6.003	-21.59470111	6.948712253	103792207.8	4883116.883	144.5272727	3.153246753	38.2987013	0.264992901	51649.45614	0.558441558	1.064935065	0
Litophyton_sp	Alcyonacea	Lt	LT010	10	5.302	-21.39159318	6.823312406	102613333.3	5280000	124.3866667	0	32.616	0.2622146	46230.81222	0.693333333	0.746666667	0
Sarcophyton_sp	Alcyonacea	Sa	SA001	2.1	5.55	-14.68847414	8.562402531	49892473.12	23225806.45	104.1817204	0	4.106451613	0.039416239	29359.65368	0.935483871	1.301075269	0
Sarcophyton_sp	Alcyonacea	Sa	SA002	4	4.345	-16.42521441	7.749400359	102784810.1	20253164.56	34.75949367	0	10.88101266	0.313037145	24190.41672	0.987341772	1.101265823	0
Sarcophyton_sp	Alcyonacea	Sa	SA003	4.3	4.343	-15.87077172	7.320105903	101492537.3	19701492.54	47.5880597	0	13.2238806	0.277882323	40521.11706	1.134328358	1.343283582	0
Sarcophyton_sp	Alcyonacea	Sa	SA004	4	3.283	-16.88658806	8.701556059	153735849.1	18490566.04	77.41886792	0	25.20754717	0.325599532	39286.79577	1.320754717	1.566037736	0
Sarcophyton_sp	Alcyonacea	Sa	SA005	3.7	3.913	-16.79450409	9.604074323	166274509.8	37647058.82	42.54313725	0	15.1745098	0.356685256	61674.67351	1.666666667	1	0
Sarcophyton_sp	Alcyonacea	Sa	SA006	3.5	4.642	-16.4027362	9.861111704	46451612.9	9462365.591	31.72688172	0.335483871	12.52258065	0.394699383	42094.30037	0.838709677	0.47311828	0
Sarcophyton_sp	Alcyonacea	Sa	SA007	4.7	3.783	-18.15203008	7.75834002	103902439	30731707.32	34.73536585	0	12.34268293	0.355334761	21450.17018	0.975609756	1.292682927	0
Sarcophyton_sp	Alcyonacea	Sa	SA008	5.3	4.125	-17.02148155	11.36762335	156428571.4	26428571.43	74.4625	4.392857143	50.1375	0.673325499	65768.92395	1.428571429	1.607142857	0
Sarcophyton_sp	Alcyonacea	Sa	SA009	5.8	4.305	-14.98846278	11.96360138	128735632.2	13333333.33	42.06896552	0	17.87126437	0.424808743	43216.07982	0.896551724	1.091954023	0
Sarcophyton_sp	Alcyonacea	Sa	SA010	6.8	4.449	-16.11826526	9.280466846	163076923.1	10769230.77	50.84038462	0	13.59807692	0.267466051	57564.26471	1.538461538	1.365384615	0
Tubipora_sp	Malacalcyonacea	Tu	TU001	5.5	3.263	-18.40361916	7.334505075	38476190.48	61714285.71	128.1238095	140.1809524	196.047619	1.530141976	475114.0685	3.571428571	0.380952381	0.774131136
Tubipora_sp	Malacalcyonacea	Tu	TU002	5.4	3.255	-18.54426382	6.543740966	164400000	16200000	121.36	38.645	99.21	0.817485168	377919.9465	3.9	0.4	0.495256069
Tubipora_sp	Malacalcyonacea	Tu	TU003	4.7	3.542	-18.93175945	5.914327874	60222222.22	8666666.667	133.0444444	63.35	129.0333333	0.969851345	320761.4053	4.666666667	0.055555556	0.499015892
Tubipora_sp	Malacalcyonacea	Tu	TU005	30.4	3.023	-21.30104202	9.970117375	12727272.73	30545454.55	33.56060606	47.08787879	70.82121212	2.110248307	684979.2261	1.575757576	0.090909091	0.404566699
Tubipora_sp	Malacalcyonacea	Tu	TU007	31	2.625	-20.61620575	6.539519418	94880000	7840000	12.924	8.18	11.532	0.892293408	97473.34186	2.52	0	0.292959268
Tubipora_sp	Malacalcyonacea	Tu	TU008	30.1	3.148	-20.88868798	7.057721624	6222222.222	15703703.7	11.93703704	6.588888889	19.75925926	1.655290102	220514.2766	2.62962963	0.074074074	0.39084164
Tubipora_sp	Malacalcyonacea	Tu	TU010	30.1	2.728	-19.96698919	9.304010785	19130434.78	30956521.74	5.891304348	0	0	0	202304.9075	1.391304348	0.217391304	0.341025687
Tubipora_sp	Malacalcyonacea	Tu	TU011	30.1	2.222	-20.41625561	9.877163167	4909090.909	10545454.55	0	0	0	0	56813.56834	1.545454545	0.090909091	0.330769417
Tubipora_sp	Malacalcyonacea	Tu	TU012	29.7	3.182	-21.26248159	6.194072776	12666666.67	4.1e+07	19.75	0	0	0	160139.946	2.833333333	0.333333333	0.332130485
Tubipora_sp	Malacalcyonacea	Tu	TU013	29.7	2.61	-20.89219692	8.376650517	7040000	17520000	13.572	0.832	4.764	0.351016799	323642.7564	1.52	0.16	0.464106687
Antipathella_sp	Anthipatharia	Ap	AP001	26	8.164	-20.27348439	5.33865954	0	897142857.1	0	0	0	0	614143.9544	0.857142857	0	0.184615385
Antipathella_sp	Anthipatharia	Ap	AP002	26	5.145	-20.24988641	5.333533146	0	733793103.4	0	0.624137931	0.191954023	0	478804.2646	0.264367816	0	0.33
Antipathella_sp	Anthipatharia	Ap	AP003	26	8.096	-20.12795471	5.023972158	0	677368421.1	0	0	0	0	604726.1701	0.157894737	0	0.195
Antipathella_sp	Anthipatharia	Ap	AP004	18.7	8.39	-20.08080941	5.063512264	0	766764705.9	0	0	0	0	648830.26	0.279411765	0	0.177777778
Antipathella_sp	Anthipatharia	Ap	AP005	19.6	8.517	-20.53552202	5.214121589	0	1047341772	0	0	0	0	556135.6682	2.164556962	0	0.121621622
Antipathella_sp	Anthipatharia	Ap	AP006	20.2	8.248	-20.50423713	5.535296842	0	539240506.3	0	2.325316456	2.141772152	0	573483.2281	0.265822785	0	0.268292683
Antipathella_sp	Anthipatharia	Ap	AP007	19.7	8.544	-20.42710004	5.335175037	0	566052631.6	0	0	0	0	445908.0327	0.355263158	0	0.231578947
Antipathella_sp	Anthipatharia	Ap	AP008	20	8.449	-19.8990316	5.046900584	0	623389830.5	0	0	0	0	610983.2358	0.508474576	0	0.148717949
Antipathella_sp	Anthipatharia	Ap	AP009	19.9	8.588	-20.54173956	5.161872078	0	660530973.5	0	0	0	0	406718.4861	0.123893805	0	0.201587302
Antipathella_sp	Anthipatharia	Ap	AP010	19	8.451	-20.30587952	5.44462283	0	416296296.3	0	0	0	0	567397.3942	0.209876543	0	0.122857143
Distichopora_sp	Anthoathecata	Di	DI001	14.8	4.939	-21.15251223	5.109378442	0	96714285.71	12.69642857	0	0	0	132261.5735	1.607142857	0	1.671469304
Distichopora_sp	Anthoathecata	Di	DI003	7.6	5.553	-21.49144483	5.561484359	0	119733333.3	4.49	0	0	0	93976.09723	2.3	0	1.486435671
Distichopora_sp	Anthoathecata	Di	DI005	10	5.155	-21.31002799	5.078143086	0	94470588.24	3.508823529	0	0	0	57180.93638	2.588235294	0	1.744107139
Distichopora_sp	Anthoathecata	Di	DI006	6	5.438	-20.47400586	4.959555106	0	46424242.42	100.2575758	3.115151515	12.05151515	0.120205531	39098.86685	2.787878788	0	1.899627081
Distichopora_sp	Anthoathecata	Di	DI007	5.4	5.349	-20.62467773	5.223512559	0	81400000	0	0	0	0	82320.95492	4.35	0	1.715443628
Distichopora_sp	Anthoathecata	Di	DI008	4.1	5.309	-20.43949852	5.289094164	0	154222222.2	0	0	0	0	138586.3677	6.888888889	0	1.885974874
Distichopora_sp	Anthoathecata	Di	DI009	4.7	5.402	-20.27611458	4.717838926	0	17677419.35	30.71451613	7.567741935	0	0	17988.90926	0.879032258	0	1.943443103
Distichopora_sp	Anthoathecata	Di	DI010	2.2	4.484	-16.81920398	7.636748066	0	96837209.3	0.376744186	0	0	0	57743.45207	2.534883721	0	2.047013959
Millepora_platyphylla	Anthoathecata	Mp	MP001	6.2	3.456	-14.78148144	17.09854586	150641509.4	28075471.7	1742.332075	812.3509434	268.6641509	0.154198017	278186.6765	1.641509434	0	1.356095104
Millepora_platyphylla	Anthoathecata	Mp	MP002	6.5	3.107	-14.37930113	12.11895896	234666666.7	20777777.78	1239.088889	429.1875	162.9222222	0.1314855	150470.4814	1.180555556	0	1.826725472
Millepora_platyphylla	Anthoathecata	Mp	MP004	5.7	2.903	-14.64871336	12.90294835	224533333.3	32933333.33	1113.77	335.685	162.48	0.145882902	207689.7189	1.05	0	1.640635465
Millepora_platyphylla	Anthoathecata	Mp	MP005	6	2.587	-14.78563689	13.81554205	130630137	27835616.44	765.1191781	320.339726	216.0863014	0.282421755	269541.9136	0.849315068	0	1.873742783
Millepora_platyphylla	Anthoathecata	Mp	MP006	10.8	3.739	-14.28198866	12.8847766	135304347.8	20521739.13	1896.726087	840.823913	228.1913043	0.120307991	78949.60192	2	0	1.856801896
Millepora_platyphylla	Anthoathecata	Mp	MP007	11	3.884	-13.69093622	13.39548626	156235294.1	17568627.45	1231.970588	561.0627451	175.8490196	0.142738001	120349.8957	1.980392157	0	1.844284571
Millepora_platyphylla	Anthoathecata	Mp	MP008	10.8	3.379	-14.86702168	12.77438396	93333333.33	20333333.33	2210.260417	1220.029167	291.8145833	0.13202724	100938.241	2.458333333	0	2.014841085
Millepora_platyphylla	Anthoathecata	Mp	MP009	12.4	3.587	-15.24058003	13.36846123	184800000	22400000	1890.1025	1011.54	226.1175	0.119632401	78305.39633	1.9	0	1.64169793
Millepora_platyphylla	Anthoathecata	Mp	MP010	5.8	4.484	-12.46936667	12.55463695	124800000	16400000	564.28	267.7775	222.675	0.39461792	80580.41312	2.1	0	1.354897479
Millepora_tenera	Anthoathecata	Mt	MT001	5	2.685	-15.60580169	19.23557619	167864406.8	69423728.81	397.0644068	99.07966102	118.4101695	0.298214011	314794.7856	1.271186441	0	1.665985836
Millepora_tenera	Anthoathecata	Mt	MT002	5.8	2.758	-16.6538518	16.50631066	241066666.7	77511111.11	1913.748889	843.6044444	567.2955556	0.296431553	225780.2573	2.177777778	0	1.520528795
Millepora_tenera	Anthoathecata	Mt	MT003	5.2	2.711	-15.71052262	23.08821374	197661538.5	66461538.46	471.2661538	82.11384615	136.7153846	0.290102278	114827.3617	1.323076923	0	1.510554661
Millepora_tenera	Anthoathecata	Mt	MT004	6.7	2.635	-18.26710347	14.59606754	2.36e+08	49428571.43	1657.344643	513.1357143	362.5410714	0.218748148	161506.772	0.767857143	0	1.331781043
Millepora_tenera	Anthoathecata	Mt	MT006	11	2.380445972	-13.83129441	30.86021692	130169491.5	24813559.32	866.7915254	387.8949153	208.4288136	0.240460142	205698.1986	1.728813559	0	1.85367303
Millepora_tenera	Anthoathecata	Mt	MT007	12.6	3.567	-15.76846438	13.13462578	137428571.4	28285714.29	860.1339286	305.9410714	213.0767857	0.247725126	239768.473	1.964285714	0	1.839385958
Millepora_tenera	Anthoathecata	Mt	MT008	14.6	3.394	-16.36284955	14.89489795	295272727.3	30060606.06	945.9939394	254.6030303	206.6060606	0.21840104	266019.8677	1.060606061	0	1.494477161
Millepora_tenera	Anthoathecata	Mt	MT009	13.4	1.465358798	-19.36761669	21.37017643	119400000	2.1e+07	656.6466667	180.6216667	219.0766667	0.333629451	250856.9903	1.716666667	0	1.707021865
Millepora_tenera	Anthoathecata	Mt	MT010	13	3.082	-16.54130709	8.594875498	217967213.1	44852459.02	996.6672131	257.7967213	238.8606557	0.239659389	263839.5466	1.393442623	0	1.812138066
Heliopora_coerulea	Helioporacea	Hc	HC001	6	2.235	-18.09210789	6.710572214	215200000	330285714.3	2208.414286	0	688.7628571	0.311881182	101048.5969	1.942857143	0	3.321322907
Heliopora_coerulea	Helioporacea	Hc	HC002	5.2	2.588	-16.72375142	7.354689979	109960784.3	157882352.9	1597.819608	0	569.1764706	0.356220732	25418.95443	0.68627451	0	0.925152222
Heliopora_coerulea	Helioporacea	Hc	HC003	6.7	2.678	-17.59355209	7.485035961	75744680.85	166468085.1	1705.414894	0	618.2914894	0.362546083	29039.76888	1.361702128	0	1.436865096
Heliopora_coerulea	Helioporacea	Hc	HC004	6.6	3.212	-16.20009391	7.837160147	125600000	147400000	1314.778333	31.11	430.4716667	0.32741007	37453.15596	1.033333333	0	1.046294458
Heliopora_coerulea	Helioporacea	Hc	HC005	6	2.828	-16.03698102	8.178141951	123489361.7	148595744.7	1045.317021	38.63404255	290.4106383	0.277820635	44838.12383	1.936170213	0	1.32662405
Heliopora_coerulea	Helioporacea	Hc	HC006	13.4	4.46	-17.57564307	8.016200903	355846153.8	62307692.31	1129.636538	355.9846154	303.7326923	0.268876477	274122.7205	1.75	0	1.856688781
Heliopora_coerulea	Helioporacea	Hc	HC007	13.4	5.133	-19.84313192	4.660230476	463836734.7	67102040.82	1917.771429	1350.516327	299.7673469	0.156310258	222502.1629	1.163265306	0	1.782087757
Heliopora_coerulea	Helioporacea	Hc	HC008	13.7	3.781	-17.31567221	7.858478948	398545454.5	106666666.7	2828.066667	484.4242424	360.5636364	0.127494744	307850.2586	3.545454545	0	1.402113044
Heliopora_coerulea	Helioporacea	Hc	HC009	18.1	4.402	-19.23385587	9.283000619	367272727.3	50181818.18	1157.043182	446.1772727	330.9295455	0.286013133	325240.8539	2.113636364	0	1.548428395
Heliopora_coerulea	Helioporacea	Hc	HC010	11.1	3.817	-16.83501364	7.767289733	422400000	78933333.33	2636.793333	1139.133333	576.6866667	0.218707572	207555.6963	0.733333333	0	1.540295733
Pocillopora_spp	Scleractinia	Po	PO001	5.9	3.744	-18.83686709	7.119677263	390800000	115200000	308.835	42.5625	140.93	0.456327813	238417.4586	0.725	0	2.467605122
Pocillopora_spp	Scleractinia	Po	PO002	6.4	3.805	-17.23455503	7.706139024	567727272.7	283409090.9	1081.235227	403.7352273	192.0806818	0.177649301	234320.0969	0.534090909	0	1.918294756
Pocillopora_spp	Scleractinia	Po	PO003	6.8	3.455	-17.54878834	7.220439196	451898734.2	272911392.4	211.2316456	2.398734177	77.72025316	0.367938492	270249.5584	2.025316456	0	1.949353927
Pocillopora_spp	Scleractinia	Po	PO004	7.5	4.332	-17.7607074	8.864636682	348536585.4	138292682.9	182.3719512	25.56219512	61.13292683	0.335210137	228051.5761	0.5	0	2.078507181
Pocillopora_spp	Scleractinia	Po	PO005	7.2	4.336	-17.25279047	8.998168739	623396226.4	377207547.2	614.5773585	162.3169811	151.509434	0.246526221	390815.7941	1.075471698	0	2.149010465
Pocillopora_spp	Scleractinia	Po	PO006	6.7	4.762	-17.2982851	7.882607333	634520547.9	200547945.2	420.0041096	29.96438356	126.4534247	0.301076637	306742.5183	0.794520548	0	2.316592265
Pocillopora_spp	Scleractinia	Po	PO007	6.2	4.557	-18.0434392	8.434481438	706060606.1	260606060.6	299.1545455	7.231818182	94.40909091	0.315586349	317404.8845	0.878787879	0	2.294942898
Pocillopora_spp	Scleractinia	Po	PO008	4.8	3.889	-17.53899472	7.394909337	637142857.1	294285714.3	533.9238095	56.71547619	197.2404762	0.369416896	274497.9804	0.345238095	0	2.434234599
Pocillopora_spp	Scleractinia	Po	PO009	5.8	4.329	-18.01950229	7.706655164	684590163.9	399737704.9	197.9508197	2.368852459	54.19344262	0.273772257	261192.8941	1.278688525	0	2.14081594
Pocillopora_spp	Scleractinia	Po	PO010	6	4.122	-18.06023653	7.541896198	388947368.4	173157894.7	183.3236842	25.00921053	77.38947368	0.42214662	286436.202	0.5	0	1.90080819
Psammocora_profundacella	Scleractinia	Ps	PS001	5.9	3.435	-15.86761194	6.352917216	269411764.7	75294117.65	762.0196078	247.2823529	160.2470588	0.210292566	155827.9147	1.470588235	0	1.445792797
Psammocora_profundacella	Scleractinia	Ps	PS004	6.2	3.983	-17.61849977	5.540896718	141960784.3	24313725.49	1690.358824	408.1215686	259.9352941	0.153775217	62236.2133	1.058823529	0	1.372515608
Psammocora_profundacella	Scleractinia	Ps	PS009	5.4	3.746	-15.90672026	5.711957928	559609756.1	54439024.39	2252.17561	351.2512195	701.995122	0.311696441	244892.7829	1.902439024	0	1.66871134
Psammocora_profundacella	Scleractinia	Ps	PS010	5.8	3.113	-16.36586677	6.298109082	235428571.4	40935064.94	1218.781818	243.8597403	361.5662338	0.296661985	121912.5208	0.753246753	0	2.094719125
Psammocora_profundacella	Scleractinia	Ps	PS013	7.5	3.243	-17.76445895	6.407585132	248949152.5	54508474.58	1702.772881	362.9305085	493.9220339	0.290069239	275400.3697	0.644067797	0	0
Stylophora_pistillata	Scleractinia	Sp	SP001	5.5	3.48	-16.31351794	10.1463818	623119266.1	207706422	281.4146789	32.12385321	70.65688073	0.251077453	548222.9006	0.449541284	0	2.532765519
Stylophora_pistillata	Scleractinia	Sp	SP002	4.7	3.494	-15.98111307	9.928375006	590379746.8	143797468.4	468.9898734	47.34810127	123.0227848	0.262314373	203049.9525	0.848101266	0	2.270275781
Stylophora_pistillata	Scleractinia	Sp	SP004	5	3.811	-16.32436482	8.367671631	525853658.5	136585365.9	1234.246341	220.6353659	337.4317073	0.273390891	204522.2635	0.719512195	0	1.928219739
Stylophora_pistillata	Scleractinia	Sp	SP005	5.3	3.949	-15.3917843	9.404301015	468505747.1	168735632.2	399.9241379	60.8137931	165.4183908	0.413624423	206175.9377	0.931034483	0	2.132531949
Stylophora_pistillata	Scleractinia	Sp	SP006	3.4	6.736	-16.41094176	6.413235917	539701492.5	118805970.1	1044.152239	157.6820896	540.0358209	0.517200271	148337.3652	1.388059701	0	1.926995996
Stylophora_pistillata	Scleractinia	Sp	SP007	3.2	6.524	-16.0118107	6.112399863	385882352.9	64941176.47	1557.711765	118.6392157	505.0254902	0.324209845	222027.2655	0.980392157	0	1.791554977
Stylophora_pistillata	Scleractinia	Sp	SP008	3	6.22	-16.25372285	8.053708536	1327698113	159396226.4	1090.3	70.10566038	460.3528302	0.422225837	132530.9122	1.283018868	0	1.728948225
Stylophora_pistillata	Scleractinia	Sp	SP009	3	6.644	-16.30932593	6.161008813	1263428571	200571428.6	770.0214286	7.788571429	330.6557143	0.429411055	221029.6819	1.042857143	0	1.588124551
Stylophora_pistillata	Scleractinia	Sp	SP010	3	6.977	-16.65269982	6.434160669	846451612.9	89032258.06	429.4860215	8.351612903	148.283871	0.345258899	197009.2891	0.559139785	0	1.69114176
Palythoa_tuberculosa	Zoantharia	Pt	PT001	10	6.826	-17.78989307	4.560275887	40866666.67	12133333.33	63.00166667	0	17.46166667	0.27716198	42331.27251	0.866666667	3.483333333	0
Palythoa_tuberculosa	Zoantharia	Pt	PT002	10	6.978	-18.74385291	5.003970489	141333333.3	27809523.81	201.8047619	0	54.76666667	0.271384412	469563.04	2.047619048	5.476190476	0
Palythoa_tuberculosa	Zoantharia	Pt	PT003	10	6.686	-18.65762668	4.825567148	75142857.14	17714285.71	146.6	0	30.2	0.206002729	193817.5438	1.714285714	5.214285714	0
Palythoa_tuberculosa	Zoantharia	Pt	PT004	8	4.224	-16.265066	6.234072165	38367346.94	4755102.041	25.9244898	0	8.16122449	0.314807526	49403.91389	1.204081633	2.959183673	0
Palythoa_tuberculosa	Zoantharia	Pt	PT005	8	4.334	-15.35267506	6.199670935	6904109.589	1534246.575	7.661643836	0.949315068	6.850684932	0.894153406	66379.23842	0.876712329	1.945205479	0
Palythoa_tuberculosa	Zoantharia	Pt	PT006	7.7	5.121	-15.48738109	7.633577789	39829787.23	2723404.255	14.07659574	4.227659574	13.88510638	0.986396614	26628.97843	1.893617021	4.531914894	0
Palythoa_tuberculosa	Zoantharia	Pt	PT007	7.8	4.354	-15.8974338	6.65203992	45882352.94	5725490.196	16.24901961	0	2.515686275	0.154820804	52648.5693	1.803921569	4.019607843	0
Palythoa_tuberculosa	Zoantharia	Pt	PT008	10	4.051	-15.79255016	6.618646768	38190476.19	2761904.762	11.65238095	0	0.219047619	0.018798529	44945.01343	1.333333333	2.738095238	0
Palythoa_tuberculosa	Zoantharia	Pt	PT009	10	4.312	-14.67036181	7.163841956	40156862.75	2745098.039	18.25490196	0	5.505882353	0.301611171	30849.07508	1.392156863	4.352941176	0
Palythoa_tuberculosa	Zoantharia	Pt	PT010	10	3.85	-17.61373418	6.380981652	29714285.71	2642857.143	25.08928571	0	3.821428571	0.152313167	32788.27859	1.464285714	5.267857143	0
